== Ejercicio 2 ==

== Creciente ==

111 105 111   0  83  83  83   0  43  43  43   0 246 247 243   0 126 127 125   0 
246 247 243   0 126 127 125   0  31  29  31   0 126 127 119   0  55  53  55   0 
126 127 119   0  55  53  55   0 110 111 103   0  51  51  51   0  39  39  39   0 
 51  51  51   0  39  39  39   0  90  91  89   0 175 173 175   0 159 157 159   0 
175 173 175   0 159 157 159   0  30  31  15   0  35  35  35   0 114 115 113   0 
 35  35  35   0 114 115 113   0  67  67  67   0 126 127  63   0 238 239 235   0 
126 127  63   0 238 239 235   0 159 145 159   0 238 239 237   0  54  55  51   0 
238 239 237   0  54  55  51   0 238 239 237   0   6   7   3   0 255 253 255   0 
  6   7   3   0 255 253 255   0 255 253 255   0   7   7   7   0 119 119 119   0 
  7   7   7   0 119 119 119   0 139 139 139   0 170 171 169   0 179 179 179   0 
170 171 169   0 179 179 179   0   7   7   7   0 235 235 235   0 206 207 203   0 
235 235 235   0 206 207 203   0  74  75  73   0  63  33  63   0  30  31  29   0 

== Random ==

247 123 239   0 255  74 255   0 187 255 239   0  70 255 251   0 250  84 250   0 
 70 255 251   0 250  84 250   0 239 239 237   0  99 127  90   0 159 201 159   0 
 99 127  90   0 159 201 159   0 191  63 183   0  90 251  88   0  23  95  93   0 
 90 251  88   0  23  95  93   0 253  94 253   0 246 205 246   0 181  84 181   0 
246 205 246   0 181  84 181   0 195 116 195   0 223 253 191   0 233  62 233   0 
223 253 191   0 233  62 233   0 231 255 253   0 151 126 151   0 222 107 222   0 
151 126 151   0 222 107 222   0  58  92  58   0 251  59 251   0 255 124 191   0 
251  59 251   0 255 124 191   0  92 223  24   0  67 255  26   0  58 250 250   0 
 67 255  26   0  58 250 250   0 230 255  41   0 188 124 188   0  97 255 216   0 
188 124 188   0  97 255 216   0 251  92 251   0 157  15 157   0 251 241 251   0 
157  15 157   0 251 241 251   0 239 247 255   0 229  58 229   0 208 219  11   0 
229  58 229   0 208 219  11   0 255 100 255   0 190  63 171   0 229 127 255   0 

== Decreciente==

247 123 239   0 255  74 255   0 187 255 239   0  70 255 251   0 250  84 250   0 
 70 255 251   0 250  84 250   0 239 239 237   0  99 127  90   0 159 201 159   0 
 99 127  90   0 159 201 159   0 191  63 183   0  90 251  88   0  23  95  93   0 
 90 251  88   0  23  95  93   0 253  94 253   0 246 205 246   0 181  84 181   0 
246 205 246   0 181  84 181   0 195 116 195   0 223 253 191   0 233  62 233   0 
223 253 191   0 233  62 233   0 231 255 253   0 151 126 151   0 222 107 222   0 
151 126 151   0 222 107 222   0  58  92  58   0 251  59 251   0 255 124 191   0 
251  59 251   0 255 124 191   0  92 223  24   0  67 255  26   0  58 250 250   0 
 67 255  26   0  58 250 250   0 230 255  41   0 188 124 188   0  97 255 216   0 
188 124 188   0  97 255 216   0 251  92 251   0 157  15 157   0 251 241 251   0 
157  15 157   0 251 241 251   0 239 247 255   0 229  58 229   0 208 219  11   0 
229  58 229   0 208 219  11   0 255 100 255   0 190  63 171   0 229 127 255   0 
