== Ejercicio 2 ==

== Creciente ==

103 105 104   0  81  83  82   0  41  43  42   0 242 244 243   0 124 126 125   0  27  29  28   0 118 120 119   0  51  53  52   0 102 104 103   0  49  51  50   0  37  39  38   0  88  90  89   0 
171 173 172   0 155 157 156   0  14  16  15   0  33  35  34   0 112 114 113   0  65  67  66   0  62  64  63   0 234 236 235   0 143 145 144   0 236 238 237   0  50  52  51   0 236 238 237   0 
  2   4   3   0 251 253 252   0 251 253 252   0   5   7   6   0 117 119 118   0 137 139 138   0 168 170 169   0 177 179 178   0   5   7   6   0 233 235 234   0 202 204 203   0  72  74  73   0 
 31  33  32   0  28  30  29   0  20  22  21   0  94  96  95   0  59  61  60   0  17  19  18   0 170 172 171   0  27  29  28   0  51  53  52   0  72  74  73   0 187 189 188   0 186 188 187   0 
 11  13  12   0 127 129 128   0 248 250 249   0 181 183 182   0 152 154 153   0 121 123 122   0 188 190 189   0 250 252 251   0 172 174 173   0 170 172 171   0 190 192 191   0  59  61  60   0 
 54  56  55   0 226 228 227   0  79  81  80   0 253 255 254   0   8  10   9   0 138 140 139   0 154 156 155   0  14  16  15   0 172 174 173   0  76  78  77   0   9  11  10   0 196 198 197   0 
163 165 164   0 173 175 174   0 222 224 223   0  74  76  75   0  32  34  33   0 251 253 252   0 244 246 245   0  32  34  33   0  62  64  63   0 217 219 218   0 153 155 154   0  20  22  21   0 
247 249 248   0  16  18  17   0 148 150 149   0 188 190 189   0  73  75  74   0 208 210 209   0 106 108 107   0  81  83  82   0 132 134 133   0 251 253 252   0  50  52  51   0 155 157 156   0 
 37  39  38   0 233 235 234   0  96  98  97   0 208 210 209   0 216 218 217   0 102 104 103   0 217 219 218   0 101 103 102   0  63  65  64   0  68  70  69   0 137 139 138   0 211 213 212   0 
134 136 135   0  23  25  24   0 140 142 141   0 124 126 125   0  34  36  35   0 218 220 219   0 175 177 176   0 180 182 181   0   1   0 255   0 147 149 148   0 184 186 185   0  45  47  46   0 
137 139 138   0  53  55  54   0  36  38  37   0 237 239 238   0  69  71  70   0 229 231 230   0 119 121 120   0 150 152 151   0 149 151 150   0 108 110 109   0 205 207 206   0 172 174 173   0 
180 182 181   0 178 180 179   0 203 205 204   0 201 203 202   0 110 112 111   0  76  78  77   0 237 239 238   0  76  78  77   0  34  36  35   0  24  26  25   0 217 219 218   0 145 147 146   0 
201 203 202   0   1   3   2   0  21  23  22   0 124 126 125   0 105 107 106   0 205 207 206   0  62  64  63   0 113 115 114   0 117 119 118   0 234 236 235   0 129 131 130   0   0 255 254   0 
191 193 192   0 126 128 127   0 249 251 250   0 199 201 200   0   2   4   3   0 114 116 115   0   1   3   2   0  16  18  17   0 153 155 154   0 159 161 160   0  10  12  11   0 188 190 189   0 
155 157 156   0 213 215 214   0 229 231 230   0 125 127 126   0 142 144 143   0 175 177 176   0  99 101 100   0 112 114 113   0  86  88  87   0  33  35  34   0  13  15  14   0  22  24  23   0 
227 229 228   0 210 212 211   0  97  99  98   0 108 110 109   0 188 190 189   0  19  21  20   0 199 201 200   0 164 166 165   0  28  30  29   0 235 237 236   0  59  61  60   0 172 174 173   0 
243 245 244   0  71  73  72   0  13  15  14   0  31  33  32   0 192 194 193   0 186 188 187   0 199 201 200   0  17  19  18   0  96  98  97   0  77  79  78   0   3   5   4   0  13  15  14   0 
155 157 156   0 213 215 214   0 134 136 135   0 242 244 243   0  13  15  14   0 216 218 217   0  80  82  81   0   9  11  10   0 226 228 227   0  19  21  20   0  49  51  50   0  78  80  79   0 
117 119 118   0  33  35  34   0  46  48  47   0 128 130 129   0 156 158 157   0  30  32  31   0 209 211 210   0  74  76  75   0  90  92  91   0 156 158 157   0  91  93  92   0 181 183 182   0 
182 184 183   0 196 198 197   0 200 202 201   0 128 130 129   0  97  99  98   0  22  24  23   0   1   0 255   0 168 170 169   0 225 227 226   0  85  87  86   0 238 240 239   0  32  34  33   0 

== Random ==

115 105 198   0 236  74 255   0 186 205 171   0 227 251  70   0 248  84 194   0 231 232 141   0  99  46  90   0 154 201 159   0 183  13  50   0  90 163  88   0  23   5  93   0 212  94 233   0 
198 205 178   0  84 180  17   0 116 130  65   0 135 220  61   0 161  62 233   0 103 252 225   0   1 151 126   0 150 107 220   0  42  92  56   0 251  59 176   0  84  60 175   0  92 219  24   0 
 67 254  26   0 170 250  58   0  41 230 209   0  60 148 124   0 190 216  97   0 187  92 249   0 149  15 153   0 179 241 235   0   0 247 239   0 229  58 161   0  11 208 203   0  71 189 100   0 
168  30  35   0 197 100 123   0 197  90 115   0  99 121  75   0 100 112  36   0 220   9 158   0 242 172 212   0  59 175  16   0  80 227 205   0  92  21  71   0  34 111  25   0 245 125 155   0 
 28  26 225   0  41 248  35   0  27 164  19   0 232  78 202   0  50 224  56   0  61  77  52   0 119  78  95   0 108 203   5   0  43  33 134   0  26 162  85   0 115 181 112   0   4 211  92   0 
175 179 148   0 228 240 158   0  73  21  50   0 169  78 130   0 178 212 112   0  72  84  41   0  10 213 188   0  68 168  24   0 142 243  91   0 155  45 215   0   6 229  66   0  51 205 175   0 
127 132  45   0 118 212  71   0 236  28  50   0 246  48 196   0 108 133  35   0   7 178   4   0 185  11 236   0 195 134 186   0 236 241   5   0 183  51 103   0  80 227 163   0  52 217 211   0 
 94 242 160   0   5 246 168   0 180 190   1   0  68 250 120   0  35 230 105   0 105 218  26   0 126  76 126   0  72 179  37   0 148  58  83   0 144 153  49   0 238  68  87   0 229 233 188   0 
245   8 207   0  94 226  83   0 178 210 170   0  84 250 133   0 212 232  53   0 152 100 130   0 135 168 117   0 138  90 112   0  41 128  98   0 165 124 222   0  78  89  87   0 172 173  81   0 
236 128 149   0 241 133 228   0  12 241 102   0 187 124 192   0 228 252 102   0  99  11  97   0 131 188  98   0  58  47 105   0  39 175  22   0  31   7 172   0  52  17 109   0  79 239 141   0 
182 212  99   0 193 228 199   0 216 103 131   0 236  18 150   0 216   2  57   0 157 248  10   0 165 209   9   0  31 244 193   0 202 130 170   0 144 174  73   0  22 186 104   0 122 242 166   0 
153 202 168   0  55 194  42   0  97 207   8   0 128 195  94   0   3 218  40   0 106 215  25   0 153 211 210   0   0 139 121   0  86 212 154   0 228 254 209   0 163  69 205   0 255   1 198   0 
 21 217  42   0 238  47  67   0  97 135   2   0  19 158  98   0 129 114 252   0 166 101 113   0 207  73 171   0  58 206  75   0 118  79 167   0 255 100 126   0 253  97 235   0 155 195 103   0 
140 233  13   0 189  50  78   0 106 140 124   0  60 164  91   0 237 178 244   0  22 243 236   0   0 240  77   0 207 103 139   0  23  91  80   0 152 212 142   0 209   3  97   0 190  13 167   0 
171 191  14   0 214   1 152   0 246 214 242   0  22 197  62   0  45  46  33   0 185 198   2   0 138 201  31   0  12 222 151   0  43  26 137   0   7   1  27   0 139 253 216   0 164 161 194   0 
146 210 207   0  75 152  53   0 209  85 213   0 194 221  51   0 237 247 222   0 229 239  32   0 221 171 226   0  77 136 129   0 238  26  83   0  76  36 102   0 168  30 121   0 106 251 104   0 
 70  88   6   0  38  43  14   0 178 235 210   0  59  58 108   0 171  42  84   0 246 248  78   0 115 158  22   0   4 219   8   0 167  10  34   0  91 181  49   0  34  13 160   0  71 205  93   0 
120 135  86   0 156  76 112   0 152  15 234   0 156 235  83   0  90 250 167   0 176 219 181   0  93 253 194   0 165  42  90   0 183 251 163   0  71 154  84   0  50  99  35   0 118 206  91   0 
 77 182 113   0 113  40 107   0  55 207  37   0 220 249  98   0 176  25 215   0  79  74 109   0 115 124  31   0 192 123 233   0 123  13  49   0 202 237  54   0 219   2 188   0  82  61 222   0 
212   2  87   0 149  36  76   0  18 181 151   0  48 219 210   0 253  86 224   0 113 200  67   0 181  77 202   0  94   7 138   0   9 166  51   0  59  87  29   0 110  47 240   0   2 129  73   0 

== Decreciente==

115 105 198   0 236  74 255   0 186 205 171   0 227 251  70   0 248  84 194   0 231 232 141   0  99  46  90   0 154 201 159   0 183  13  50   0  90 163  88   0  23   5  93   0 212  94 233   0 
198 205 178   0  84 180  17   0 116 130  65   0 135 220  61   0 161  62 233   0 103 252 225   0   1 151 126   0 150 107 220   0  42  92  56   0 251  59 176   0  84  60 175   0  92 219  24   0 
 67 254  26   0 170 250  58   0  41 230 209   0  60 148 124   0 190 216  97   0 187  92 249   0 149  15 153   0 179 241 235   0   0 247 239   0 229  58 161   0  11 208 203   0  71 189 100   0 
168  30  35   0 197 100 123   0 197  90 115   0  99 121  75   0 100 112  36   0 220   9 158   0 242 172 212   0  59 175  16   0  80 227 205   0  92  21  71   0  34 111  25   0 245 125 155   0 
 28  26 225   0  41 248  35   0  27 164  19   0 232  78 202   0  50 224  56   0  61  77  52   0 119  78  95   0 108 203   5   0  43  33 134   0  26 162  85   0 115 181 112   0   4 211  92   0 
175 179 148   0 228 240 158   0  73  21  50   0 169  78 130   0 178 212 112   0  72  84  41   0  10 213 188   0  68 168  24   0 142 243  91   0 155  45 215   0   6 229  66   0  51 205 175   0 
127 132  45   0 118 212  71   0 236  28  50   0 246  48 196   0 108 133  35   0   7 178   4   0 185  11 236   0 195 134 186   0 236 241   5   0 183  51 103   0  80 227 163   0  52 217 211   0 
 94 242 160   0   5 246 168   0 180 190   1   0  68 250 120   0  35 230 105   0 105 218  26   0 126  76 126   0  72 179  37   0 148  58  83   0 144 153  49   0 238  68  87   0 229 233 188   0 
245   8 207   0  94 226  83   0 178 210 170   0  84 250 133   0 212 232  53   0 152 100 130   0 135 168 117   0 138  90 112   0  41 128  98   0 165 124 222   0  78  89  87   0 172 173  81   0 
236 128 149   0 241 133 228   0  12 241 102   0 187 124 192   0 228 252 102   0  99  11  97   0 131 188  98   0  58  47 105   0  39 175  22   0  31   7 172   0  52  17 109   0  79 239 141   0 
182 212  99   0 193 228 199   0 216 103 131   0 236  18 150   0 216   2  57   0 157 248  10   0 165 209   9   0  31 244 193   0 202 130 170   0 144 174  73   0  22 186 104   0 122 242 166   0 
153 202 168   0  55 194  42   0  97 207   8   0 128 195  94   0   3 218  40   0 106 215  25   0 153 211 210   0   0 139 121   0  86 212 154   0 228 254 209   0 163  69 205   0 255   1 198   0 
 21 217  42   0 238  47  67   0  97 135   2   0  19 158  98   0 129 114 252   0 166 101 113   0 207  73 171   0  58 206  75   0 118  79 167   0 255 100 126   0 253  97 235   0 155 195 103   0 
140 233  13   0 189  50  78   0 106 140 124   0  60 164  91   0 237 178 244   0  22 243 236   0   0 240  77   0 207 103 139   0  23  91  80   0 152 212 142   0 209   3  97   0 190  13 167   0 
171 191  14   0 214   1 152   0 246 214 242   0  22 197  62   0  45  46  33   0 185 198   2   0 138 201  31   0  12 222 151   0  43  26 137   0   7   1  27   0 139 253 216   0 164 161 194   0 
146 210 207   0  75 152  53   0 209  85 213   0 194 221  51   0 237 247 222   0 229 239  32   0 221 171 226   0  77 136 129   0 238  26  83   0  76  36 102   0 168  30 121   0 106 251 104   0 
 70  88   6   0  38  43  14   0 178 235 210   0  59  58 108   0 171  42  84   0 246 248  78   0 115 158  22   0   4 219   8   0 167  10  34   0  91 181  49   0  34  13 160   0  71 205  93   0 
120 135  86   0 156  76 112   0 152  15 234   0 156 235  83   0  90 250 167   0 176 219 181   0  93 253 194   0 165  42  90   0 183 251 163   0  71 154  84   0  50  99  35   0 118 206  91   0 
 77 182 113   0 113  40 107   0  55 207  37   0 220 249  98   0 176  25 215   0  79  74 109   0 115 124  31   0 192 123 233   0 123  13  49   0 202 237  54   0 219   2 188   0  82  61 222   0 
212   2  87   0 149  36  76   0  18 181 151   0  48 219 210   0 253  86 224   0 113 200  67   0 181  77 202   0  94   7 138   0   9 166  51   0  59  87  29   0 110  47 240   0   2 129  73   0 
