== Ejercicio 1a ==

Clásicos 0: 27
Clásicos 1: 20
Clásicos 2: 28
Clásicos 3: 26
Clásicos 4: 21
Clásicos 5: 28
Clásicos 6: 21
Clásicos 7: 20
Clásicos 8: 26
Clásicos 9: 34
Clásicos 10: 12
Clásicos 11: 19
Clásicos 12: 27
Clásicos 13: 26
Clásicos 14: 24
Clásicos 15: 22
Clásicos 16: 28
Clásicos 17: 24
Clásicos 18: 28
Clásicos 19: 29
Clásicos 20: 32
Clásicos 21: 31
Clásicos 22: 25
Clásicos 23: 28
Clásicos 24: 19
Clásicos 25: 25
Clásicos 26: 23
Clásicos 27: 27
Clásicos 28: 23
Clásicos 29: 26
Clásicos 30: 23
Clásicos 31: 17
Clásicos 32: 31
Clásicos 33: 32
Clásicos 34: 23
Clásicos 35: 23
Clásicos 36: 28
Clásicos 37: 21
Clásicos 38: 21
Clásicos 39: 24
Clásicos 40: 27
Clásicos 41: 22
Clásicos 42: 31
Clásicos 43: 27
Clásicos 44: 19
Clásicos 45: 21
Clásicos 46: 22
Clásicos 47: 26
Clásicos 48: 27
Clásicos 49: 30

== Ejercicio 1b ==

Array 0:[(54, 109)(83, 167)(65, 131)(113, 227)(77, 155)(126, 253)(77, 155)(55, 111)(51, 103)(108, 217)(24, 49)(47, 95)(118, 237)(13, 27)(36, 73)(94, 189)(34, 69)(91, 183)(7, 15)(34, 69)(77, 155)(10, 21)(57, 115)(74, 149)(81, 163)(61, 123)(99, 199)(111, 223)(89, 179)(119, 239)(26, 53)(124, 249)(16, 33)]
Array 1:[(10, 21)(10, 21)(72, 145)(22, 45)(86, 173)(10, 21)(95, 191)(68, 137)(61, 123)(78, 157)(17, 35)(116, 233)(20, 41)(22, 45)(7, 15)(86, 173)(88, 177)(81, 163)(83, 167)(113, 227)(115, 231)(109, 219)(37, 75)(41, 83)(95, 191)(73, 147)(49, 99)(95, 191)(4, 9)(35, 71)(50, 101)(102, 205)(48, 97)]
Array 2:[(56, 113)(3, 7)(103, 207)(62, 125)(58, 117)(1, 3)(106, 213)(50, 101)(38, 77)(76, 153)(119, 239)(103, 207)(103, 207)(114, 229)(111, 223)(47, 95)(94, 189)(70, 141)(53, 107)(50, 101)(97, 195)(112, 225)(34, 69)(71, 143)(40, 81)(90, 181)(64, 129)]
Array 3:[(71, 143)(9, 19)(52, 105)(86, 173)(73, 147)(113, 227)(100, 201)(79, 159)(80, 161)(76, 153)(9, 19)(92, 185)(70, 141)(65, 131)(109, 219)(126, 253)(4, 9)(93, 187)(118, 237)(2, 5)(122, 245)(68, 137)(80, 161)]
Array 4:[(114, 229)(28, 57)(38, 77)(125, 251)(1, 3)(13, 27)(31, 63)(119, 239)(45, 91)(105, 211)(116, 233)(106, 213)(4, 9)(40, 81)(10, 21)(68, 137)(23, 47)(66, 133)(47, 95)(91, 183)(101, 203)(31, 63)]
Array 5:[(68, 137)(92, 185)(59, 119)(21, 43)(126, 253)(75, 151)(110, 221)(84, 169)(101, 203)(96, 193)(74, 149)(40, 81)(63, 127)(48, 97)(12, 25)(107, 215)(3, 7)(98, 197)(43, 87)(9, 19)(5, 11)(2, 5)(90, 181)(112, 225)(53, 107)(107, 215)(18, 37)]
Array 6:[(93, 187)(91, 183)(116, 233)(83, 167)(57, 115)(77, 155)(72, 145)(83, 167)(48, 97)(116, 233)(95, 191)(2, 5)(62, 125)(31, 63)(11, 23)(80, 161)(54, 109)(5, 11)(1, 3)(70, 141)(102, 205)(123, 247)(55, 111)(120, 241)(53, 107)(52, 105)(0, 1)(117, 235)(92, 185)]
Array 7:[(6, 13)(94, 189)(89, 179)(42, 85)(63, 127)(120, 241)(126, 253)(14, 29)(115, 231)(1, 3)(56, 113)(57, 115)(73, 147)(8, 17)(65, 131)(22, 45)(62, 125)(125, 251)(117, 235)(18, 37)(48, 97)(112, 225)(45, 91)(99, 199)]
Array 8:[(11, 23)(36, 73)(4, 9)(112, 225)(51, 103)(29, 59)(81, 163)(12, 25)(71, 143)(35, 71)(122, 245)(109, 219)(41, 83)(64, 129)(93, 187)(86, 173)(16, 33)(22, 45)]
Array 9:[(47, 95)(126, 253)(106, 213)(37, 75)(38, 77)(79, 159)(9, 19)(121, 243)(65, 131)(113, 227)(75, 151)(6, 13)(100, 201)(127, 255)(107, 215)(106, 213)(86, 173)(114, 229)(52, 105)(70, 141)(25, 51)(105, 211)(116, 233)(52, 105)(25, 51)]
Array 10:[(100, 201)(83, 167)(17, 35)(71, 143)(17, 35)(93, 187)(72, 145)(39, 79)(27, 55)(32, 65)(12, 25)(112, 225)(120, 241)(45, 91)(100, 201)(85, 171)(83, 167)(74, 149)(123, 247)(62, 125)(0, 1)(118, 237)(59, 119)(12, 25)(86, 173)]
Array 11:[(74, 149)(106, 213)(83, 167)(43, 87)(75, 151)(45, 91)(69, 139)(59, 119)(93, 187)(90, 181)(116, 233)(58, 117)(54, 109)(14, 29)(59, 119)(41, 83)(59, 119)(117, 235)(13, 27)(99, 199)(113, 227)(38, 77)(35, 71)(34, 69)(64, 129)(74, 149)(6, 13)]
Array 12:[(44, 89)(21, 43)(122, 245)(64, 129)(36, 73)(127, 255)(84, 169)(81, 163)(41, 83)(46, 93)(64, 129)(69, 139)(1, 3)(49, 99)(70, 141)(95, 191)(125, 251)(101, 203)(117, 235)(17, 35)(78, 157)(10, 21)(22, 45)]
Array 13:[(36, 73)(115, 231)(119, 239)(35, 71)(63, 127)(32, 65)(19, 39)(126, 253)(4, 9)(115, 231)(50, 101)(56, 113)(14, 29)(86, 173)(41, 83)(31, 63)(49, 99)(123, 247)(0, 1)(94, 189)(92, 185)(56, 113)(81, 163)(74, 149)(115, 231)(44, 89)(42, 85)(20, 41)]
Array 14:[(36, 73)(32, 65)(56, 113)(127, 255)(115, 231)(126, 253)(38, 77)(95, 191)(81, 163)(95, 191)(103, 207)(70, 141)(60, 121)(47, 95)(71, 143)(75, 151)]
Array 15:[(20, 41)(45, 91)(53, 107)(100, 201)(29, 59)(62, 125)(0, 1)(32, 65)(27, 55)(84, 169)(63, 127)(0, 1)(61, 123)(35, 71)(1, 3)(95, 191)(122, 245)(19, 39)(63, 127)(54, 109)(75, 151)(50, 101)(96, 193)(98, 197)(71, 143)(98, 197)]
Array 16:[(15, 31)(83, 167)(73, 147)(13, 27)(53, 107)(31, 63)(5, 11)(107, 215)(121, 243)(29, 59)(83, 167)(45, 91)(86, 173)(89, 179)(108, 217)(76, 153)(53, 107)(109, 219)(69, 139)(57, 115)]
Array 17:[(31, 63)(112, 225)(79, 159)(105, 211)(18, 37)(78, 157)(127, 255)(63, 127)(118, 237)(28, 57)(104, 209)(107, 215)(94, 189)(115, 231)(29, 59)(55, 111)(16, 33)(75, 151)(6, 13)(1, 3)(5, 11)(73, 147)(97, 195)(36, 73)(79, 159)(20, 41)(98, 197)]
Array 18:[(122, 245)(1, 3)(7, 15)(127, 255)(124, 249)(83, 167)(74, 149)(34, 69)(95, 191)(76, 153)(124, 249)(69, 139)(67, 135)(17, 35)(123, 247)(58, 117)(38, 77)(30, 61)(92, 185)(86, 173)(32, 65)(11, 23)(25, 51)(27, 55)(12, 25)(103, 207)(70, 141)(55, 111)]
Array 19:[(60, 121)(55, 111)(73, 147)(57, 115)(6, 13)(24, 49)(4, 9)(20, 41)(119, 239)(26, 53)(46, 93)(123, 247)(92, 185)(14, 29)(96, 193)(70, 141)(40, 81)(120, 241)(11, 23)(120, 241)(124, 249)]
Array 20:[(86, 173)(83, 167)(49, 99)(88, 177)(89, 179)(121, 243)(100, 201)(59, 119)(19, 39)(25, 51)(96, 193)(33, 67)(69, 139)(43, 87)(46, 93)(111, 223)(22, 45)(85, 171)(38, 77)]
Array 21:[(60, 121)(87, 175)(26, 53)(33, 67)(112, 225)(92, 185)(85, 171)(69, 139)(74, 149)(100, 201)(38, 77)(26, 53)(61, 123)(45, 91)(77, 155)(92, 185)(25, 51)(60, 121)(25, 51)(127, 255)(114, 229)]
Array 22:[(33, 67)(96, 193)(9, 19)(52, 105)(0, 1)(104, 209)(48, 97)(112, 225)(52, 105)(110, 221)(126, 253)(81, 163)(88, 177)(39, 79)(36, 73)(89, 179)(86, 173)]
Array 23:[(117, 235)(88, 177)(115, 231)(49, 99)(54, 109)(13, 27)(119, 239)(25, 51)(57, 115)(112, 225)(44, 89)(92, 185)(21, 43)(86, 173)(21, 43)(29, 59)(46, 93)(8, 17)(53, 107)(24, 49)(28, 57)(0, 1)]
Array 24:[(83, 167)(60, 121)(58, 117)(41, 83)(4, 9)(112, 225)(1, 3)(26, 53)(14, 29)(49, 99)(4, 9)(120, 241)(68, 137)(99, 199)(91, 183)(92, 185)(40, 81)(79, 159)(38, 77)(103, 207)(94, 189)]
Array 25:[(33, 67)(105, 211)(112, 225)(18, 37)(0, 1)(108, 217)(52, 105)(122, 245)(69, 139)(122, 245)(33, 67)(87, 175)(1, 3)(80, 161)(70, 141)(59, 119)(40, 81)(126, 253)(87, 175)(65, 131)(56, 113)(22, 45)(0, 1)(115, 231)(25, 51)(13, 27)(20, 41)(94, 189)(76, 153)]
Array 26:[(94, 189)(3, 7)(88, 177)(95, 191)(118, 237)(81, 163)(35, 71)(64, 129)(8, 17)(39, 79)(54, 109)(74, 149)(36, 73)(95, 191)(20, 41)(58, 117)(51, 103)(43, 87)]
Array 27:[(76, 153)(119, 239)(30, 61)(125, 251)(119, 239)(59, 119)(119, 239)(19, 39)(6, 13)(123, 247)(116, 233)(58, 117)(113, 227)(53, 107)(19, 39)(96, 193)(101, 203)(57, 115)(42, 85)(111, 223)(80, 161)(123, 247)(21, 43)(121, 243)(9, 19)(20, 41)(7, 15)(126, 253)]
Array 28:[(2, 5)(48, 97)(66, 133)(126, 253)(103, 207)(97, 195)(102, 205)(47, 95)(111, 223)(12, 25)(6, 13)(117, 235)(74, 149)(66, 133)(1, 3)(85, 171)(116, 233)(100, 201)(124, 249)(86, 173)(112, 225)(90, 181)(15, 31)(45, 91)(51, 103)(105, 211)(50, 101)(34, 69)(80, 161)(23, 47)(4, 9)(70, 141)(107, 215)(56, 113)]
Array 29:[(50, 101)(61, 123)(42, 85)(95, 191)(68, 137)(109, 219)(46, 93)(25, 51)(124, 249)(104, 209)(21, 43)(20, 41)(121, 243)(83, 167)(88, 177)(21, 43)(81, 163)(119, 239)(14, 29)]
Array 30:[(83, 167)(46, 93)(90, 181)(21, 43)(71, 143)(105, 211)(42, 85)(39, 79)(33, 67)(24, 49)(25, 51)(44, 89)(67, 135)(34, 69)(115, 231)(20, 41)(89, 179)(43, 87)(71, 143)(45, 91)(98, 197)(113, 227)(109, 219)(91, 183)]
Array 31:[(32, 65)(97, 195)(99, 199)(6, 13)(75, 151)(87, 175)(109, 219)(44, 89)(103, 207)(74, 149)(100, 201)(72, 145)(53, 107)(79, 159)(64, 129)(67, 135)(54, 109)(59, 119)(13, 27)(13, 27)(72, 145)(27, 55)(65, 131)(104, 209)(1, 3)]
Array 32:[(48, 97)(61, 123)(65, 131)(64, 129)(36, 73)(0, 1)(70, 141)(75, 151)(49, 99)(36, 73)(61, 123)(90, 181)(107, 215)(91, 183)(49, 99)(0, 1)(84, 169)(68, 137)(47, 95)(21, 43)(12, 25)(44, 89)(71, 143)(0, 1)(88, 177)(53, 107)(32, 65)(117, 235)(24, 49)]
Array 33:[(86, 173)(19, 39)(39, 79)(3, 7)(105, 211)(40, 81)(95, 191)(16, 33)(74, 149)(32, 65)(97, 195)(63, 127)(22, 45)(5, 11)(54, 109)(67, 135)(31, 63)(102, 205)]
Array 34:[(31, 63)(85, 171)(28, 57)(127, 255)(10, 21)(55, 111)(89, 179)(17, 35)(87, 175)(102, 205)(8, 17)(0, 1)(48, 97)(50, 101)(27, 55)(121, 243)(25, 51)(12, 25)(26, 53)(6, 13)(91, 183)(85, 171)(18, 37)(72, 145)(41, 83)]
Array 35:[(49, 99)(79, 159)(127, 255)(9, 19)(19, 39)(30, 61)(17, 35)(97, 195)(98, 197)(118, 237)(13, 27)(75, 151)(115, 231)(12, 25)(1, 3)(86, 173)(51, 103)(98, 197)(91, 183)(85, 171)(108, 217)]
Array 36:[(51, 103)(81, 163)(120, 241)(66, 133)(73, 147)(111, 223)(13, 27)(75, 151)(79, 159)(85, 171)(59, 119)(11, 23)(89, 179)(36, 73)(88, 177)(2, 5)(80, 161)(81, 163)(30, 61)(112, 225)(110, 221)(2, 5)(76, 153)(72, 145)(122, 245)]
Array 37:[(80, 161)(3, 7)(36, 73)(74, 149)(82, 165)(55, 111)(32, 65)(0, 1)(77, 155)(18, 37)(31, 63)(45, 91)(15, 31)(53, 107)(32, 65)(56, 113)(121, 243)(111, 223)(85, 171)(102, 205)(78, 157)(56, 113)(74, 149)(99, 199)(13, 27)(34, 69)(1, 3)]
Array 38:[(17, 35)(124, 249)(58, 117)(44, 89)(10, 21)(13, 27)(39, 79)(56, 113)(84, 169)(122, 245)(86, 173)(53, 107)(36, 73)(43, 87)(70, 141)(123, 247)(19, 39)(125, 251)(25, 51)(73, 147)(43, 87)(104, 209)(21, 43)(121, 243)(44, 89)(37, 75)]
Array 39:[(107, 215)(19, 39)(6, 13)(55, 111)(28, 57)(50, 101)(3, 7)(106, 213)(112, 225)(36, 73)(41, 83)(57, 115)(79, 159)(4, 9)(90, 181)(67, 135)(107, 215)(66, 133)(127, 255)(36, 73)(54, 109)(40, 81)(86, 173)(29, 59)]
Array 40:[(74, 149)(60, 121)(48, 97)(64, 129)(74, 149)(105, 211)(88, 177)(33, 67)(127, 255)(77, 155)(102, 205)(28, 57)(110, 221)(121, 243)(61, 123)(24, 49)(80, 161)(38, 77)(106, 213)(66, 133)(73, 147)(121, 243)(16, 33)(37, 75)(13, 27)(113, 227)(42, 85)(3, 7)(30, 61)(13, 27)(19, 39)]
Array 41:[(97, 195)(42, 85)(56, 113)(84, 169)(39, 79)(115, 231)(72, 145)(122, 245)(114, 229)(16, 33)(1, 3)(77, 155)(121, 243)(84, 169)(23, 47)(21, 43)(67, 135)(15, 31)(103, 207)(80, 161)(72, 145)(73, 147)(14, 29)(4, 9)(14, 29)(104, 209)]
Array 42:[(3, 7)(78, 157)(23, 47)(111, 223)(40, 81)(49, 99)(51, 103)(98, 197)(96, 193)(104, 209)(28, 57)(89, 179)(70, 141)(69, 139)(114, 229)(27, 55)(53, 107)(105, 211)(32, 65)(100, 201)(76, 153)(100, 201)(91, 183)(87, 175)(87, 175)(102, 205)(25, 51)(91, 183)(20, 41)(48, 97)(43, 87)(22, 45)(51, 103)(99, 199)(4, 9)]
Array 43:[(42, 85)(31, 63)(8, 17)(51, 103)(68, 137)(20, 41)(127, 255)(115, 231)(54, 109)(22, 45)(36, 73)(58, 117)(25, 51)(48, 97)(99, 199)(3, 7)(91, 183)(20, 41)(52, 105)(122, 245)(69, 139)(41, 83)(106, 213)(102, 205)(68, 137)(95, 191)(97, 195)(68, 137)(111, 223)(50, 101)(1, 3)]
Array 44:[(10, 21)(119, 239)(90, 181)(90, 181)(57, 115)(1, 3)(106, 213)(99, 199)(40, 81)(27, 55)(73, 147)(73, 147)(105, 211)(105, 211)(10, 21)]
Array 45:[(127, 255)(1, 3)(95, 191)(31, 63)(58, 117)(17, 35)(104, 209)(124, 249)(101, 203)(31, 63)(70, 141)(125, 251)(73, 147)(78, 157)(35, 71)(88, 177)(16, 33)(8, 17)(45, 91)(57, 115)(98, 197)(31, 63)(46, 93)(32, 65)(59, 119)]
Array 46:[(48, 97)(25, 51)(13, 27)(33, 67)(74, 149)(42, 85)(32, 65)(51, 103)(85, 171)(5, 11)(95, 191)(87, 175)(54, 109)(7, 15)(103, 207)(84, 169)]
Array 47:[(18, 37)(73, 147)(31, 63)(44, 89)(31, 63)(23, 47)(102, 205)(86, 173)(97, 195)(36, 73)(42, 85)(122, 245)(96, 193)(26, 53)(18, 37)(78, 157)(43, 87)(94, 189)(41, 83)(4, 9)(8, 17)(83, 167)(127, 255)(55, 111)]
Array 48:[(61, 123)(97, 195)(65, 131)(3, 7)(15, 31)(41, 83)(82, 165)(62, 125)(18, 37)(30, 61)(44, 89)(95, 191)(113, 227)(3, 7)(37, 75)(23, 47)(75, 151)(54, 109)(0, 1)(16, 33)(126, 253)(40, 81)]
Array 49:[(11, 23)(85, 171)(13, 27)(36, 73)(79, 159)(124, 249)(4, 9)(32, 65)(34, 69)(82, 165)(30, 61)(64, 129)(33, 67)(47, 95)(34, 69)(8, 17)(51, 103)(103, 207)]
