== Ejercicio 2 ==

== Creciente ==

103 105 104   0  81  83  82   0  41  43  42   0 242 244 243   0 124 126 125   0 
242 244 243   0 124 126 125   0  27  29  28   0 118 120 119   0  51  53  52   0 
118 120 119   0  51  53  52   0 102 104 103   0  49  51  50   0  37  39  38   0 
 49  51  50   0  37  39  38   0  88  90  89   0 171 173 172   0 155 157 156   0 
171 173 172   0 155 157 156   0  14  16  15   0  33  35  34   0 112 114 113   0 
 33  35  34   0 112 114 113   0  65  67  66   0  62  64  63   0 234 236 235   0 
 62  64  63   0 234 236 235   0 143 145 144   0 236 238 237   0  50  52  51   0 
236 238 237   0  50  52  51   0 236 238 237   0   2   4   3   0 251 253 252   0 
  2   4   3   0 251 253 252   0 251 253 252   0   5   7   6   0 117 119 118   0 
  5   7   6   0 117 119 118   0 137 139 138   0 168 170 169   0 177 179 178   0 
168 170 169   0 177 179 178   0   5   7   6   0 233 235 234   0 202 204 203   0 
233 235 234   0 202 204 203   0  72  74  73   0  31  33  32   0  28  30  29   0 

== Random ==

115 105 198   0 236  74 255   0 186 205 171   0 227 251  70   0 248  84 194   0 
227 251  70   0 248  84 194   0 231 232 141   0  99  46  90   0 154 201 159   0 
 99  46  90   0 154 201 159   0 183  13  50   0  90 163  88   0  23   5  93   0 
 90 163  88   0  23   5  93   0 212  94 233   0 198 205 178   0  84 180  17   0 
198 205 178   0  84 180  17   0 116 130  65   0 135 220  61   0 161  62 233   0 
135 220  61   0 161  62 233   0 103 252 225   0   1 151 126   0 150 107 220   0 
  1 151 126   0 150 107 220   0  42  92  56   0 251  59 176   0  84  60 175   0 
251  59 176   0  84  60 175   0  92 219  24   0  67 254  26   0 170 250  58   0 
 67 254  26   0 170 250  58   0  41 230 209   0  60 148 124   0 190 216  97   0 
 60 148 124   0 190 216  97   0 187  92 249   0 149  15 153   0 179 241 235   0 
149  15 153   0 179 241 235   0   0 247 239   0 229  58 161   0  11 208 203   0 
229  58 161   0  11 208 203   0  71 189 100   0 168  30  35   0 197 100 123   0 

== Decreciente==

115 105 198   0 236  74 255   0 186 205 171   0 227 251  70   0 248  84 194   0 
227 251  70   0 248  84 194   0 231 232 141   0  99  46  90   0 154 201 159   0 
 99  46  90   0 154 201 159   0 183  13  50   0  90 163  88   0  23   5  93   0 
 90 163  88   0  23   5  93   0 212  94 233   0 198 205 178   0  84 180  17   0 
198 205 178   0  84 180  17   0 116 130  65   0 135 220  61   0 161  62 233   0 
135 220  61   0 161  62 233   0 103 252 225   0   1 151 126   0 150 107 220   0 
  1 151 126   0 150 107 220   0  42  92  56   0 251  59 176   0  84  60 175   0 
251  59 176   0  84  60 175   0  92 219  24   0  67 254  26   0 170 250  58   0 
 67 254  26   0 170 250  58   0  41 230 209   0  60 148 124   0 190 216  97   0 
 60 148 124   0 190 216  97   0 187  92 249   0 149  15 153   0 179 241 235   0 
149  15 153   0 179 241 235   0   0 247 239   0 229  58 161   0  11 208 203   0 
229  58 161   0  11 208 203   0  71 189 100   0 168  30  35   0 197 100 123   0 
