== Ejercicio 2 ==

== Ordenados ==

103 103 103   0   4   4   4   0  41  41  41   0   2   2   2   0 155 155 155   0   6   6   6   0   2   2   2   0 170 170 170   0 251 251 251   0   2   2   2   0  28  28  28   0   2   2   2   0 
  2   2   2   0 155 155 155   0   6   6   6   0   2   2   2   0 170 170 170   0 251 251 251   0   2   2   2   0  28  28  28   0   2   2   2   0  11  11  11   0  32  32  32   0 248 248 248   0 
  2   2   2   0 170 170 170   0 251 251 251   0   2   2   2   0  28  28  28   0   2   2   2   0  11  11  11   0  32  32  32   0 248 248 248   0  23  23  23   0 226 226 226   0  21  21  21   0 
  2   2   2   0  28  28  28   0   2   2   2   0  11  11  11   0  32  32  32   0 248 248 248   0  23  23  23   0 226 226 226   0  21  21  21   0 163 163 163   0   1   1   1   0 222 222 222   0 
 11  11  11   0  32  32  32   0 248 248 248   0  23  23  23   0 226 226 226   0  21  21  21   0 163 163 163   0   1   1   1   0 222 222 222   0  65  65  65   0  16  16  16   0   0   0   0   0 
 23  23  23   0 226 226 226   0  21  21  21   0 163 163 163   0   1   1   1   0 222 222 222   0  65  65  65   0  16  16  16   0   0   0   0   0  37  37  37   0  94  94  94   0  96  96  96   0 
163 163 163   0   1   1   1   0 222 222 222   0  65  65  65   0  16  16  16   0   0   0   0   0  37  37  37   0  94  94  94   0  96  96  96   0   8   8   8   0  23  23  23   0  11  11  11   0 
 65  65  65   0  16  16  16   0   0   0   0   0  37  37  37   0  94  94  94   0  96  96  96   0   8   8   8   0  23  23  23   0  11  11  11   0 137 137 137   0   7   7   7   0  36  36  36   0 
 37  37  37   0  94  94  94   0  96  96  96   0   8   8   8   0  23  23  23   0  11  11  11   0 137 137 137   0   7   7   7   0  36  36  36   0  33  33  33   0 178 178 178   0   0   0   0   0 
  8   8   8   0  23  23  23   0  11  11  11   0 137 137 137   0   7   7   7   0  36  36  36   0  33  33  33   0 178 178 178   0   0   0   0   0 201 201 201   0   1   1   1   0  21  21  21   0 
137 137 137   0   7   7   7   0  36  36  36   0  33  33  33   0 178 178 178   0   0   0   0   0 201 201 201   0   1   1   1   0  21  21  21   0   9   9   9   0 126 126 126   0  15  15  15   0 
 33  33  33   0 178 178 178   0   0   0   0   0 201 201 201   0   1   1   1   0  21  21  21   0   9   9   9   0 126 126 126   0  15  15  15   0 155 155 155   0   1   1   1   0 229 229 229   0 
201 201 201   0   1   1   1   0  21  21  21   0   9   9   9   0 126 126 126   0  15  15  15   0 155 155 155   0   1   1   1   0 229 229 229   0   2   2   2   0 210 210 210   0  13  13  13   0 
  9   9   9   0 126 126 126   0  15  15  15   0 155 155 155   0   1   1   1   0 229 229 229   0   2   2   2   0 210 210 210   0  13  13  13   0 243 243 243   0  38  38  38   0  13  13  13   0 
155 155 155   0   1   1   1   0 229 229 229   0   2   2   2   0 210 210 210   0  13  13  13   0 243 243 243   0  38  38  38   0  13  13  13   0 120 120 120   0 213 213 213   0  15  15  15   0 
  2   2   2   0 210 210 210   0  13  13  13   0 243 243 243   0  38  38  38   0  13  13  13   0 120 120 120   0 213 213 213   0  15  15  15   0 117 117 117   0   4   4   4   0  46  46  46   0 
243 243 243   0  38  38  38   0  13  13  13   0 120 120 120   0 213 213 213   0  15  15  15   0 117 117 117   0   4   4   4   0  46  46  46   0   2   2   2   0 196 196 196   0  29  29  29   0 
120 120 120   0 213 213 213   0  15  15  15   0 117 117 117   0   4   4   4   0  46  46  46   0   2   2   2   0 196 196 196   0  29  29  29   0 128 128 128   0  28  28  28   0  22  22  22   0 
117 117 117   0   4   4   4   0  46  46  46   0   2   2   2   0 196 196 196   0  29  29  29   0 128 128 128   0  28  28  28   0  22  22  22   0  77  77  77   0 168 168 168   0   1   1   1   0 
  2   2   2   0 196 196 196   0  29  29  29   0 128 128 128   0  28  28  28   0  22  22  22   0  77  77  77   0 168 168 168   0   1   1   1   0  85  85  85   0   1   1   1   0  32  32  32   0 

== Ordenados(inverso) ==

160 160 160   0  23  23  23   0   2   2   2   0  19  19  19   0  46  46  46   0  57  57  57   0  42  42  42   0   1   1   1   0  30  30  30   0   2   2   2   0  12  12  12   0   2   2   2   0 
 19  19  19   0  46  46  46   0  57  57  57   0  42  42  42   0   1   1   1   0  30  30  30   0   2   2   2   0  12  12  12   0   2   2   2   0 217 217 217   0   2   2   2   0 141 141 141   0 
 42  42  42   0   1   1   1   0  30  30  30   0   2   2   2   0  12  12  12   0   2   2   2   0 217 217 217   0   2   2   2   0 141 141 141   0   0   0   0   0  19  19  19   0   1   1   1   0 
  2   2   2   0  12  12  12   0   2   2   2   0 217 217 217   0   2   2   2   0 141 141 141   0   0   0   0   0  19  19  19   0   1   1   1   0  54  54  54   0   9   9   9   0   1   1   1   0 
217 217 217   0   2   2   2   0 141 141 141   0   0   0   0   0  19  19  19   0   1   1   1   0  54  54  54   0   9   9   9   0   1   1   1   0  43  43  43   0 159 159 159   0   0   0   0   0 
  0   0   0   0  19  19  19   0   1   1   1   0  54  54  54   0   9   9   9   0   1   1   1   0  43  43  43   0 159 159 159   0   0   0   0   0 173 173 173   0  14  14  14   0 196 196 196   0 
 54  54  54   0   9   9   9   0   1   1   1   0  43  43  43   0 159 159 159   0   0   0   0   0 173 173 173   0  14  14  14   0 196 196 196   0   0   0   0   0   6   6   6   0   2   2   2   0 
 43  43  43   0 159 159 159   0   0   0   0   0 173 173 173   0  14  14  14   0 196 196 196   0   0   0   0   0   6   6   6   0   2   2   2   0  27  27  27   0   1   1   1   0 125 125 125   0 
173 173 173   0  14  14  14   0 196 196 196   0   0   0   0   0   6   6   6   0   2   2   2   0  27  27  27   0   1   1   1   0 125 125 125   0   0   0   0   0  81  81  81   0   0   0   0   0 
  0   0   0   0   6   6   6   0   2   2   2   0  27  27  27   0   1   1   1   0 125 125 125   0   0   0   0   0  81  81  81   0   0   0   0   0   1   1   1   0  11  11  11   0 154 154 154   0 
 27  27  27   0   1   1   1   0 125 125 125   0   0   0   0   0  81  81  81   0   0   0   0   0   1   1   1   0  11  11  11   0 154 154 154   0   8   8   8   0  27  27  27   0   7   7   7   0 
  0   0   0   0  81  81  81   0   0   0   0   0   1   1   1   0  11  11  11   0 154 154 154   0   8   8   8   0  27  27  27   0   7   7   7   0  42  42  42   0  30  30  30   0  11  11  11   0 
  1   1   1   0  11  11  11   0 154 154 154   0   8   8   8   0  27  27  27   0   7   7   7   0  42  42  42   0  30  30  30   0  11  11  11   0  18  18  18   0  19  19  19   0  63  63  63   0 
  8   8   8   0  27  27  27   0   7   7   7   0  42  42  42   0  30  30  30   0  11  11  11   0  18  18  18   0  19  19  19   0  63  63  63   0   1   1   1   0  43  43  43   0  80  80  80   0 
 42  42  42   0  30  30  30   0  11  11  11   0  18  18  18   0  19  19  19   0  63  63  63   0   1   1   1   0  43  43  43   0  80  80  80   0   5   5   5   0  23  23  23   0   3   3   3   0 
 18  18  18   0  19  19  19   0  63  63  63   0   1   1   1   0  43  43  43   0  80  80  80   0   5   5   5   0  23  23  23   0   3   3   3   0  61  61  61   0   5   5   5   0 153 153 153   0 
  1   1   1   0  43  43  43   0  80  80  80   0   5   5   5   0  23  23  23   0   3   3   3   0  61  61  61   0   5   5   5   0 153 153 153   0  55  55  55   0   0   0   0   0   0   0   0   0 
  5   5   5   0  23  23  23   0   3   3   3   0  61  61  61   0   5   5   5   0 153 153 153   0  55  55  55   0   0   0   0   0   0   0   0   0  77  77  77   0 119 119 119   0  35  35  35   0 
 61  61  61   0   5   5   5   0 153 153 153   0  55  55  55   0   0   0   0   0   0   0   0   0  77  77  77   0 119 119 119   0  35  35  35   0   7   7   7   0  55  55  55   0   0   0   0   0 
 55  55  55   0   0   0   0   0   0   0   0   0  77  77  77   0 119 119 119   0  35  35  35   0   7   7   7   0  55  55  55   0   0   0   0   0  53  53  53   0   0   0   0   0 248 248 248   0 

== Random ==

157 157 157   0  20  20  20   0 248 248 248   0  81  81  81   0 234 234 234   0 126 126 126   0 216 216 216   0  55  55  55   0 212 212 212   0 162 162 162   0 227 227 227   0 176 176 176   0 
 81  81  81   0 234 234 234   0 126 126 126   0 216 216 216   0  55  55  55   0 212 212 212   0 162 162 162   0 227 227 227   0 176 176 176   0 235 235 235   0  48  48  48   0 137 137 137   0 
216 216 216   0  55  55  55   0 212 212 212   0 162 162 162   0 227 227 227   0 176 176 176   0 235 235 235   0  48  48  48   0 137 137 137   0  29  29  29   0 232 232 232   0 105 105 105   0 
162 162 162   0 227 227 227   0 176 176 176   0 235 235 235   0  48  48  48   0 137 137 137   0  29  29  29   0 232 232 232   0 105 105 105   0 214 214 214   0 104 104 104   0 115 115 115   0 
235 235 235   0  48  48  48   0 137 137 137   0  29  29  29   0 232 232 232   0 105 105 105   0 214 214 214   0 104 104 104   0 115 115 115   0  58  58  58   0 248 248 248   0  51  51  51   0 
 29  29  29   0 232 232 232   0 105 105 105   0 214 214 214   0 104 104 104   0 115 115 115   0  58  58  58   0 248 248 248   0  51  51  51   0 228 228 228   0   2   2   2   0 245 245 245   0 
214 214 214   0 104 104 104   0 115 115 115   0  58  58  58   0 248 248 248   0  51  51  51   0 228 228 228   0   2   2   2   0 245 245 245   0  15  15  15   0 135 135 135   0  14  14  14   0 
 58  58  58   0 248 248 248   0  51  51  51   0 228 228 228   0   2   2   2   0 245 245 245   0  15  15  15   0 135 135 135   0  14  14  14   0 212 212 212   0 162 162 162   0 141 141 141   0 
228 228 228   0   2   2   2   0 245 245 245   0  15  15  15   0 135 135 135   0  14  14  14   0 212 212 212   0 162 162 162   0 141 141 141   0  13  13  13   0 229 229 229   0 127 127 127   0 
 15  15  15   0 135 135 135   0  14  14  14   0 212 212 212   0 162 162 162   0 141 141 141   0  13  13  13   0 229 229 229   0 127 127 127   0 230 230 230   0  24  24  24   0 252 252 252   0 
212 212 212   0 162 162 162   0 141 141 141   0  13  13  13   0 229 229 229   0 127 127 127   0 230 230 230   0  24  24  24   0 252 252 252   0  58  58  58   0 238 238 238   0  75  75  75   0 
 13  13  13   0 229 229 229   0 127 127 127   0 230 230 230   0  24  24  24   0 252 252 252   0  58  58  58   0 238 238 238   0  75  75  75   0 204 204 204   0  36  36  36   0 210 210 210   0 
230 230 230   0  24  24  24   0 252 252 252   0  58  58  58   0 238 238 238   0  75  75  75   0 204 204 204   0  36  36  36   0 210 210 210   0  40  40  40   0 242 242 242   0  69  69  69   0 
 58  58  58   0 238 238 238   0  75  75  75   0 204 204 204   0  36  36  36   0 210 210 210   0  40  40  40   0 242 242 242   0  69  69  69   0 180 180 180   0  20  20  20   0 222 222 222   0 
204 204 204   0  36  36  36   0 210 210 210   0  40  40  40   0 242 242 242   0  69  69  69   0 180 180 180   0  20  20  20   0 222 222 222   0 114 114 114   0 189 189 189   0  24  24  24   0 
 40  40  40   0 242 242 242   0  69  69  69   0 180 180 180   0  20  20  20   0 222 222 222   0 114 114 114   0 189 189 189   0  24  24  24   0 249 249 249   0  59  59  59   0 158 158 158   0 
180 180 180   0  20  20  20   0 222 222 222   0 114 114 114   0 189 189 189   0  24  24  24   0 249 249 249   0  59  59  59   0 158 158 158   0   3   3   3   0 182 182 182   0 228 228 228   0 
114 114 114   0 189 189 189   0  24  24  24   0 249 249 249   0  59  59  59   0 158 158 158   0   3   3   3   0 182 182 182   0 228 228 228   0 171 171 171   0 199 199 199   0 224 224 224   0 
249 249 249   0  59  59  59   0 158 158 158   0   3   3   3   0 182 182 182   0 228 228 228   0 171 171 171   0 199 199 199   0 224 224 224   0  38  38  38   0 251 251 251   0  33  33  33   0 
  3   3   3   0 182 182 182   0 228 228 228   0 171 171 171   0 199 199 199   0 224 224 224   0  38  38  38   0 251 251 251   0  33  33  33   0 179 179 179   0  95  95  95   0 102 102 102   0 
