== Ejercicio 2 ==

== Iguales ==

 93 119 190 164  65  80 118 192  42  23  30 189  26 198 185 187 190  94 128  80 
 93 121 128 117 201 170 132 103 132 203 185 144  38 126 167 133  84 141 164 206 
145  87  76 154 160 122 117 119 222 143 124 197 175 167 164 167  89  34 114 167 
141 140  74 207 148  84 166 121 111  66  78 108  56  49  47 191 101  91 186 142 
111 200 196  80 205 179  98 119 147 100 207 129 143 153 114 107  88 144 148 140 
 70 127  98 219  87 108 176 196  82  62 191  63 146 157 131 138 108  87  31 167 
190  83 137 204 147 105 105 109 122 186 160 171  32 191 205  79 230 160  82 126 
169 237 174 165 133 145  90 203  94 130  94  65  88 110 157  69  92  14  68 130 
172 164 188 178 102  73  36 117 110 220 104 234 116 180 175 131 154  56  76 116 
 61  92  46 147  77 112 177 124  87 194 183 129 111  96 136  84 119 192 131 216 
 48 136  90 207 133 109 170 146 188 139 124 164 145  76 186 203 113 149 139 126 
 51  82 117  98  64  73 206  99  83 119 141  43 153  25  68 133  58 133 113 150 
138 139 148  37  87  69 120 124  51  29  74 210 152 175  94 217 163 144  85 140 
 56 220 144 138  41 209 104 163 104 118  81 148  77 123 192  81  68 141 164  48 
165  37 140 122  58  83 112  73 194 174 129 202  46 127 115 161  75 146 146 205 
121 183 190  95 150 112 241 149 178  94 122 169 124 158  74 163 171 174 149  87 
 77 100 107 125  90 174 116 126 148 151 138 163 180 133 174 196  88  88 138  47 
147 186 205 172 165 142  84 180  61 112 129  82 124 130 146  58  68 226 125 145 
 63 189 189  52 174 129 219 190 172 124  17 131  23 132 141  35 132  40  85 139 
153 129 225  83 158  57 108  82 158 103  59  72 229 110 206  64 219 100 153 106 

== Distinto(random) ==

255 255 255 255 255 255 255 255 255 255 255 255 255 255 255 255 255 255 255 255 
255 255 255 255 255 255 255 255 255 255 255 255 255 255 255 255 255 255 255 255 
255 255 255 255 255 255 255 255 255 255 255 255 255 255 255 255 255 255 255 255 
255 255 255 255 255 255 255 255 255 255 255 255 255 255 255 255 255 255 255 255 
255 255 255 255 255 255 255 255 255 255 255 255 255 255 255 255 255 255 255 255 
255 255 255 255 255 255 255 255 255 255 255 255 255 255 255 255 255 255 255 255 
255 255 255 255 255 255 255 255 255 255 255 255 255 255 255 255 255 255 255 255 
255 255 255 255 255 255 255 255 255 255 255 255 255 255 255 255 255 255 255 255 
255 255 255 255 255 255 255 255 255 255 255 255 255 255 255 255 255 255 255 255 
255 255 255 255 255 255 255 255 255 255 255 255 255 255 255 255 255 255 255 255 
255 255 255 255 255 255 255 255 255 255 255 255 255 255 255 255 255 255 255 255 
255 255 255 255 255 255 255 255 255 255 255 255 255 255 255 255 255 255 255 255 
255 255 255 255 255 255 255 255 255 255 255 255 255 255 255 255 255 255 255 255 
255 255 255 255 255 255 255 255 255 255 255 255 255 255 255 255 255 255 255 255 
255 255 255 255 255 255 255 255 255 255 255 255 255 255 255 255 255 255 255 255 
255 255 255 255 255 255 255 255 255 255 255 255 255 255 255 255 255 255 255 255 
255 255 255 255 255 255 255 255 255 255 255 255 255 255 255 255 255 255 255 255 
255 255 255 255 255 255 255 255 255 255 255 255 255 255 255 255 255 255 255 255 
255 255 255 255 255 255 255 255 255 255 255 255 255 255 255 255 255 255 255 255 
255 255 255 255 255 255 255 255 255 255 255 255 255 255 255 255 255 255 255 255 

== Alternado 1==

255  70 255 103 255 183 255 160 255 104 255 126 255 149 255  52 255 155 255 193 
255 106 255 171 255 154 255 130 255  91 255 226 255 166 255  34 255  63 255 111 
255 100 255  59 255 119 255 127 255 163 255 180 255  85 255 160 255 136 255  49 
255  80 255  70 255 167 255  86 255 126 255 167 255 171 255 189 255  99 255 109 
255  22 255  81 255  57 255  79 255 195 255  82 255  74 255 150 255  58 255  98 
255 140 255 168 255 218 255  63 255  92 255 175 255 189 255 172 255 177 255 119 
255 140 255  41 255  84 255 146 255 103 255  90 255  64 255 170 255 190 255 153 
255 169 255 147 255 189 255  94 255  74 255 175 255  94 255  71 255  88 255 125 
255 112 255 178 255 196 255 125 255 163 255 168 255 184 255 198 255  87 255 150 
255  98 255 128 255 182 255  38 255 186 255 187 255 112 255  93 255 165 255 181 
255 197 255 177 255 137 255  55 255  70 255 166 255 172 255 206 255  53 255 123 
255  71 255  79 255 188 255  97 255  91 255 226 255  38 255  90 255 147 255 177 
255 166 255  82 255 152 255 169 255 119 255 104 255  39 255  54 255 162 255  96 
255 148 255 119 255  87 255  78 255  93 255 216 255 163 255  70 255 108 255 177 
255 120 255 168 255 111 255  39 255 132 255 198 255 211 255 130 255  65 255 176 
255  83 255 130 255 129 255  61 255 143 255 168 255 165 255 195 255 106 255 121 
255  92 255 135 255 184 255 164 255 194 255 131 255 103 255  25 255 167 255  79 
255 187 255  98 255 125 255 188 255  57 255 113 255  84 255  38 255  46 255 140 
255 119 255  72 255  77 255 116 255  92 255  85 255 149 255 176 255 172 255  80 
255 145 255 143 255 147 255 103 255  74 255 192 255  60 255 132 255 189 255 133 

== Alternado 2==

 93 255 190 255  65 255 118 255  42 255  30 255  26 255 185 255 190 255 128 255 
 93 255 128 255 201 255 132 255 132 255 185 255  38 255 167 255  84 255 164 255 
145 255  76 255 160 255 117 255 222 255 124 255 175 255 164 255  89 255 114 255 
141 255  74 255 148 255 166 255 111 255  78 255  56 255  47 255 101 255 186 255 
111 255 196 255 205 255  98 255 147 255 207 255 143 255 114 255  88 255 148 255 
 70 255  98 255  87 255 176 255  82 255 191 255 146 255 131 255 108 255  31 255 
190 255 137 255 147 255 105 255 122 255 160 255  32 255 205 255 230 255  82 255 
169 255 174 255 133 255  90 255  94 255  94 255  88 255 157 255  92 255  68 255 
172 255 188 255 102 255  36 255 110 255 104 255 116 255 175 255 154 255  76 255 
 61 255  46 255  77 255 177 255  87 255 183 255 111 255 136 255 119 255 131 255 
 48 255  90 255 133 255 170 255 188 255 124 255 145 255 186 255 113 255 139 255 
 51 255 117 255  64 255 206 255  83 255 141 255 153 255  68 255  58 255 113 255 
138 255 148 255  87 255 120 255  51 255  74 255 152 255  94 255 163 255  85 255 
 56 255 144 255  41 255 104 255 104 255  81 255  77 255 192 255  68 255 164 255 
165 255 140 255  58 255 112 255 194 255 129 255  46 255 115 255  75 255 146 255 
121 255 190 255 150 255 241 255 178 255 122 255 124 255  74 255 171 255 149 255 
 77 255 107 255  90 255 116 255 148 255 138 255 180 255 174 255  88 255 138 255 
147 255 205 255 165 255  84 255  61 255 129 255 124 255 146 255  68 255 125 255 
 63 255 189 255 174 255 219 255 172 255  17 255  23 255 141 255 132 255  85 255 
153 255 225 255 158 255 108 255 158 255  59 255 229 255 206 255 219 255 153 255 
